1371147120 1
1371149284 2
1376488659 3
1376491669 4
1376505433 5
1381502701 6
1381620780 7
1381684201 8
1381697315 9
1381754510 10
1381769638 11
1381946258 12
1382013756 13
1382015349 14
1382015958 15
1382025129 16
1382047783 17
1382111836 18
1382183558 19
1382306684 20
1382370739 21
1382370942 22
1382389707 23
1382390356 24
1382391100 25
1382391449 26
1382392185 27
1382430264 28
1382430542 29
1382431808 30
1382438423 31
1382443450 32
1382443963 33
1382445117 34
1382454486 35
1382456690 36
1382457215 37
1382457529 38
1382472442 39
1382475329 40
1382475570 41
1382479034 42
1382517381 43
1382528932 44
1382533319 45
1382533660 46
1382616234 47
1382634270 48
1382690874 49
1382692163 50
1382723272 51
1382738577 52
1382739388 53
1382790050 54
1382790330 55
1382790413 56
1382790720 57
1382790831 58
1382793995 59
1382795065 60
1382910765 61
1382915192 62
1382978976 63
1383051509 64
1383060693 65
1383062470 66
1383133326 67
1383133495 68
1383168413 69
1383168819 70
1383169009 71
1383169489 72
1383170219 73
1383214245 74
1383233648 75
1383242973 76
1383243154 77
1383246196 78
1383254166 79
1383254685 80
1383259113 81
1383306827 82
1383309531 83
1383420756 84
1383423453 85
1383434512 86
1383480610 87
1383481221 88
1383484785 89
1383484930 90
1383488087 91
1383489306 92
1383489515 93
1383499167 94
1383503688 95
1383522012 96
1383522459 97
1383522503 98
1383522690 99
1383583116 100
1383583773 101
1383588166 102
1383671659 103
1383767494 104
1383835945 105
1383913052 106
1383918291 107
1383931272 108
1383950322 109
1383950882 110
1384127005 111
1384159034 112
1384162426 113
1384162801 114
1384209312 115
1384210351 116
1384271110 117
1384275307 118
1384347300 119
1384361783 120
1384363290 121
1384365403 122
1384691143 123
1384696999 124
1384700191 125
1384774367 126
1384793600 127
1384861765 128
1384861829 129
1384973117 130
1384973144 131
1384975348 132
1384985850 133
1384986242 134
1385052063 135
1385052668 136
1385077054 137
1385488482 138
1385494762 139
1385494765 140
1385584828 141
1385588902 142
1385638388 143
1385661489 144
1385749377 145
1385769514 146
1385769920 147
1385770001 148
1385855501 149
1385920749 150
1385922601 151
1385975214 152
1385987523 153
1385991995 154
1385993533 155
1385999960 156
1386101642 157
1386104110 158
1386104292 159
1386161340 160
1386179942 161
1386245438 162
1386266314 163
1386276648 164
1386276748 165
1386334583 166
1386462657 167
1386511643 168
1386512110 169
1386529259 170
1386529872 171
1386533579 172
1386533602 173
1386535452 174
1386535595 175
1386535760 176
1386536415 177
1386536893 178
1386537137 179
1386546126 180
1386629645 181
1386630587 182
1386633823 183
1386676431 184
1386679507 185
1386679558 186
1386680116 187
1386683856 188
1386685206 189
1386687425 190
1386698597 191
1386753993 192
1386754111 193
1386754632 194
1386757003 195
1386757048 196
1386757158 197
1386757468 198
1386758524 199
1386758668 200
1386758686 201
1386759422 202
1386760019 203
1386760034 204
1386760649 205
1386761463 206
1386776341 207
1386780542 208
1386781199 209
1386788783 210
1386800566 211
1386805386 212
1386805747 213
1386851167 214
1386862864 215
1386863029 216
1386863327 217
1386867642 218
1386869573 219
1386869944 220
1386870639 221
1386871220 222
1386878006 223
1386891321 224
1386891783 225
1386946341 226
1386951927 227
1387029396 228
1387029867 229
1387032766 230
1387033556 231
1387039155 232
1387043162 233
1387067904 234
1387110445 235
1387132012 236
1387132284 237
1387132717 238
1387138581 239
1387140167 240
1387142389 241
1387143008 242
1387144664 243
1387145001 244
1387148561 245
1387150825 246
1387152234 247
1387152420 248
1387213625 249
1387214985 250
1387215002 251
1387220588 252
1387236252 253
1387236277 254
1387283339 255
1387283519 256
1387303652 257
1387313864 258
1387318701 259
1387319139 260
1387383941 261
1387472218 262
1387477399 263
1387480162 264
1387480179 265
1387488445 266
1387490429 267
1387490655 268
1387491463 269
1387491756 270
1387491841 271
1387630572 272
1387642337 273
1387668134 274
1387801495 275
1387822010 276
1387822518 277
1387823502 278
1387836489 279
1387836918 280
1387886127 281
1387890122 282
1387968444 283
1388075754 284
1388085249 285
1388094687 286
1388096311 287
1388096608 288
1388096641 289
1388097016 290
1388099298 291
1388099326 292
1388330799 293
1388701222 294
1388933355 295
1389186000 296
1389220946 297
1389289230 298
1389367650 299
1389367934 300
1389478228 301
1389478584 302
1389478627 303
1389478734 304
1389536788 305
1389536848 306
1389563194 307
1389568024 308
1389637896 309
1389637945 310
1389637961 311
1389638047 312
1389722000 313
1389734178 314
1389734182 315
1389737171 316
1389802608 317
1389802617 318
1389811870 319
1389811889 320
1389827353 321
1390153961 322
1390154654 323
1390400883 324
1390429993 325
1390580174 326
1391538075 327
