1371147120 903
1371149284 909
1376488659 1024
1376491669 1046
1376505433 1061
1381502701 1131
1381620780 1317
1381684201 1494
1381697315 1535
1381754510 1580
1381769638 2081
1381946258 2304
1382013756 2460
1382015349 2509
1382015958 2518
1382025129 2652
1382047783 2766
1382111836 2922
1382183558 2948
1382306684 3105
1382370739 3285
1382370942 3291
1382389707 3317
1382390356 3327
1382391100 3328
1382391449 3331
1382392185 3332
1382430264 3333
1382430542 3334
1382431808 3347
1382438423 3378
1382443450 3380
1382443963 3384
1382445117 3394
1382454486 3478
1382456690 3582
1382457215 3583
1382457529 3584
1382472442 3589
1382475329 3599
1382475570 3633
1382479034 3671
1382517381 3694
1382528932 3694
1382533319 3817
1382533660 3831
1382616234 4034
1382634270 4175
1382690874 4178
1382692163 4194
1382723272 4359
1382738577 4363
1382739388 4373
1382790050 4412
1382790330 4416
1382790413 4417
1382790720 4419
1382790831 4419
1382793995 4464
1382795065 4471
1382910765 4747
1382915192 4754
1382978976 4997
1383051509 5000
1383060693 5107
1383062470 5122
1383133326 5155
1383133495 5157
1383168413 5172
1383168819 5305
1383169009 5305
1383169489 5307
1383170219 5321
1383214245 5371
1383233648 5389
1383242973 5530
1383243154 5545
1383246196 5578
1383254166 5639
1383254685 6269
1383259113 6316
1383306827 6343
1383309531 6344
1383420756 6399
1383423453 6431
1383434512 6488
1383480610 6506
1383481221 6508
1383484785 6520
1383484930 6523
1383488087 6539
1383489306 6571
1383489515 6575
1383499167 6656
1383503688 6667
1383522012 6784
1383522459 6788
1383522503 6789
1383522690 6792
1383583116 6908
1383583773 6909
1383588166 6911
1383671659 7006
1383767494 7177
1383835945 7187
1383913052 7312
1383918291 7354
1383931272 7374
1383950322 7374
1383950882 7377
1384127005 7456
1384159034 7467
1384162426 7487
1384162801 7492
1384209312 7566
1384210351 7581
1384271110 7695
1384275307 7717
1384347300 8731
1384361783 8771
1384363290 8795
1384365403 9689
1384691143 10800
1384696999 10801
1384700191 10820
1384774367 11134
1384793600 11161
1384861765 11301
1384861829 11301
1384973117 12576
1384973144 12577
1384975348 12633
1384985850 12695
1384986242 12697
1385052063 12830
1385052668 12832
1385077054 12925
1385488482 13004
1385494762 13076
1385494765 13076
1385584828 13186
1385588902 13234
1385638388 13235
1385661489 13330
1385749377 13539
1385769514 13569
1385769920 13622
1385770001 13622
1385855501 13717
1385920749 13801
1385922601 13802
1385975214 13929
1385987523 13933
1385991995 13972
1385993533 13998
1385999960 14068
1386101642 14247
1386104110 14309
1386104292 14469
1386161340 14543
1386179942 14632
1386245438 14652
1386266314 14841
1386276648 14946
1386276748 14947
1386334583 14999
1386462657 15549
1386511643 15590
1386512110 15596
1386529259 15652
1386529872 15656
1386533579 15658
1386533602 15658
1386535452 16419
1386535595 16420
1386535760 16422
1386536415 16434
1386536893 16521
1386537137 16521
1386546126 16612
1386629645 16639
1386630587 16667
1386633823 16788
1386676431 16791
1386679507 16832
1386679558 16835
1386680116 16856
1386683856 16906
1386685206 16906
1386687425 16933
1386698597 16985
1386753993 16985
1386754111 17221
1386754632 17221
1386757003 17238
1386757048 17239
1386757158 17240
1386757468 17261
1386758524 17271
1386758668 17277
1386758686 17278
1386759422 17300
1386760019 17301
1386760034 17301
1386760649 17484
1386761463 17487
1386776341 17664
1386780542 17876
1386781199 17893
1386788783 17894
1386800566 18245
1386805386 18344
1386805747 18346
1386851167 18392
1386862864 18542
1386863029 18560
1386863327 18563
1386867642 18693
1386869573 18728
1386869944 18777
1386870639 18815
1386871220 18819
1386878006 18821
1386891321 18933
1386891783 18939
1386946341 18995
1386951927 19088
1387029396 19184
1387029867 19186
1387032766 19192
1387033556 19205
1387039155 19295
1387043162 19397
1387067904 19460
1387110445 19583
1387132012 19588
1387132284 19590
1387132717 19611
1387138581 19683
1387140167 19737
1387142389 19767
1387143008 19770
1387144664 19789
1387145001 19793
1387148561 19837
1387150825 19839
1387152234 19845
1387152420 19845
1387213625 19859
1387214985 19860
1387215002 19860
1387220588 19961
1387236252 20055
1387236277 20083
1387283339 20124
1387283519 20126
1387303652 20448
1387313864 20675
1387318701 20755
1387319139 20764
1387383941 20943
1387472218 23567
1387477399 23656
1387480162 23705
1387480179 23705
1387488445 24050
1387490429 24198
1387490655 24199
1387491463 24206
1387491756 24231
1387491841 24236
1387630572 24495
1387642337 24617
1387668134 24692
1387801495 25582
1387822010 26716
1387822518 26737
1387823502 26793
1387836489 27111
1387836918 27112
1387886127 27123
1387890122 27142
1387968444 27348
1388075754 27384
1388085249 27495
1388094687 27539
1388096311 27540
1388096608 27545
1388096641 27546
1388097016 27549
1388099298 29918
1388099326 29919
1388330799 29958
1388701222 30134
1388933355 30135
1389186000 30147
1389220946 30154
1389289230 30201
1389367650 30369
1389367934 30419
1389478228 30483
1389478584 30515
1389478627 30516
1389478734 30517
1389536788 30524
1389536848 30526
1389563194 30556
1389568024 30560
1389637896 35233
1389637945 35248
1389637961 35319
1389638047 35341
1389722000 35369
1389734178 35390
1389734182 35390
1389737171 35394
1389802608 35560
1389802617 35560
1389811870 35562
1389811889 35563
1389827353 35581
1390153961 37696
1390154654 37704
1390400883 37756
1390429993 37758
1390580174 37770
1391538075 37810
