1371147120 903
1371149284 908
1376488659 1023
1376491669 1018
1376505433 1019
1381502701 1089
1381620780 1249
1381684201 1389
1381697315 1406
1381754510 1446
1381769638 1545
1381946258 1756
1382013756 1843
1382015349 1887
1382015958 1887
1382025129 1998
1382047783 1967
1382111836 2096
1382183558 2118
1382306684 2261
1382370739 2077
1382370942 2082
1382389707 2108
1382390356 2108
1382391100 2108
1382391449 2111
1382392185 2110
1382430264 2110
1382430542 2110
1382431808 2122
1382438423 2153
1382443450 2153
1382443963 2155
1382445117 2161
1382454486 2224
1382456690 2328
1382457215 2328
1382457529 2328
1382472442 2329
1382475329 2338
1382475570 2324
1382479034 2321
1382517381 2333
1382528932 2321
1382533319 2444
1382533660 2457
1382616234 2542
1382634270 2639
1382690874 2639
1382692163 2655
1382723272 2789
1382738577 2790
1382739388 2790
1382790050 2789
1382790330 2792
1382790413 2792
1382790720 2791
1382790831 2790
1382793995 2792
1382795065 2798
1382910765 3006
1382915192 3009
1382978976 3160
1383051509 3161
1383060693 3207
1383062470 3220
1383133326 3236
1383133495 3236
1383168413 3251
1383168819 3255
1383169009 3144
1383169489 3145
1383170219 3143
1383214245 3187
1383233648 3189
1383242973 3248
1383243154 3263
1383246196 3279
1383254166 3288
1383254685 3918
1383259113 3917
1383306827 3919
1383309531 3919
1383420756 3939
1383423453 3967
1383434512 4021
1383480610 4038
1383481221 4038
1383484785 4043
1383484930 4044
1383488087 4041
1383489306 4059
1383489515 4060
1383499167 4133
1383503688 4139
1383522012 4255
1383522459 4259
1383522503 4260
1383522690 4260
1383583116 4356
1383583773 4356
1383588166 4357
1383931272 4377
1383950322 4631
1383950882 4631
1384127005 4638
1384159034 4644
1384162426 4646
1384162801 4648
1384209312 4696
1384210351 4692
1384271110 4763
1384275307 4763
1384347300 5764
1384361783 5785
1384363290 5789
1384365403 5784
1384691143 5882
1384696999 5882
1384700191 5892
1384774367 6005
1384861765 6015
1384861829 6014
1384973117 6141
1384973144 6141
1384975348 6197
1384985850 6213
1384986242 6215
1385052063 6268
1385052668 6268
1385077054 6329
1385494762 6388
1385494765 6452
1385584828 6550
1385588902 6590
1385638388 6590
1385661489 6677
1385749377 6857
1385769514 6884
1385769920 6863
1385770001 6862
1385855501 6955
1385920749 7016
1385922601 7016
1385975214 7114
1385987523 6894
1385991995 6931
1385993533 6954
1385999960 7001
1386101642 7174
1386104110 7222
1386104292 7220
1386161340 7279
1386179942 7353
1386245438 7332
1386266314 7464
1386276648 7518
1386276748 7518
1386334583 7567
1386462657 7735
1386511643 7740
1386512110 7746
1386529259 7734
1386529872 7736
1386533579 7736
1386533602 7735
1386535452 8492
1386535595 8492
1386535760 8493
1386536415 8484
1386536893 8570
1386537137 7273
1386546126 7344
1386683856 7354
1386685206 7433
1386687425 7433
1386754632 7442
1386760034 7465
1386760649 7465
1386761463 7463
1386776341 7636
1386780542 7802
1386781199 7795
1386788783 7795
1386800566 8140
1386805386 8211
1386805747 8211
1386851167 8230
1386862864 8288
1386863029 8286
1386863327 8286
1386867642 8349
1386869573 8379
1386869944 8384
1386870639 8405
1386871220 8409
1386878006 8409
1386891321 8475
1386891783 8477
1386946341 8503
1386951927 8581
1387029396 8599
1387029867 8599
1387032766 8591
1387033556 8578
1387039155 8621
1387043162 8518
1387067904 8569
1387110445 8627
1387132012 8625
1387132284 8625
1387132717 8642
1387138581 8698
1387140167 8715
1387142389 8738
1387143008 8738
1387144664 8745
1387145001 8746
1387148561 8758
1387150825 8749
1387152234 8749
1387152420 8744
1387213625 8736
1387214985 8736
1387215002 8732
1387220588 8812
1387236252 8900
1387236277 8917
1387283339 8957
1387283519 8959
1387303652 9071
1387313864 9245
1387318701 9297
1387319139 9301
1387383941 9458
1387477399 9423
1387480162 9412
1387480179 12035
1387488445 11970
1387490429 12117
1387490655 12117
1387491463 12119
1387491756 12136
1387491841 12141
1387630572 12400
1387642337 12451
1387668134 12490
1387801495 13372
1387822010 14474
1387822518 14484
1387823502 14540
1387836489 14832
1387836918 14832
1387886127 14832
1387890122 14835
1387968444 15027
1388075754 15052
1388085249 15153
1388094687 15170
1388096311 15170
1388096608 15174
1388096641 15174
1388097016 15173
1388099298 15184
1388099326 15184
1388330799 15218
1388701222 15311
1388933355 15311
1389186000 15323
1389220946 15328
1389289230 15374
1389367650 15535
1389367934 15568
1389478228 15594
1389478584 15623
1389478627 15623
1389478734 15623
1389536788 15628
1389536848 15628
1389563194 15645
1389568024 15649
1389637896 19014
1389637945 19022
1389637961 19078
1389638047 19083
1389722000 19105
1389802608 19261
1389802617 19278
1389811870 19278
1389811889 19278
1389827353 19287
1390153961 21349
1390154654 21352
1390400883 21386
1390429993 21386
1390580174 21398
1391538075 21411
